averaged_values
-19.97942921560175
-2.0903164842085573
1.5600949825374357
12.917149746724931
-14.265861968082618
-7.107994456874707
-20.162379888486782
-14.42233806038891
-5.148714997936765
13.37448915757409
-17.705160162629515
34.45213899829352
3.1295695395226346
-3.075759918871853
-3.0726526321942624
6.182149782905242
8.49966133507914
21.294211396349766
-14.948922929008006
-38.88340955566537
19.408040921572255
3.115048319975813
10.5674218118412
-5.007762102448851
16.52659006257869
35.38087822077609
12.09903543784992
-39.08988129952496
8.570922539379552
-6.385954967482775
-23.373315445881843
15.92590799560921
16.499489211663786
-4.4806847005854715
-3.305597314904873
8.524110087091714
7.901609350397393
5.638873249615159
33.86155833835778
7.771012210659789
24.162712256185443
15.766383101607492
-19.849991310577394
-2.4806350387225393
-2.0749462238280216
-41.059406664408385
-9.026239744015726
1.0759862771537883
10.862320446528912
15.121252727515074
-1.9837723414044883
-17.622883677025783
30.49903249593075
3.2303402126620426
17.438632169602755
37.543183859624094
31.491355407177824
25.646628505778402
-11.31023313322666
30.633752233104985
29.5890013306051
-32.29375938805478
-7.561806749297432
-0.2722186968690603
-5.345115348625484
-4.1558619214841315
-4.882243017087262
-26.606524720548265
-37.37936577618308
-57.39180593347561
26.838371528007627
7.463082835025715
-12.28595578205929
-6.540402675012786
-29.285038541683036
-4.355561470119653
-20.844523276282814
-24.8680523317729
-16.645922914851155
33.879582364767884
-25.64367268848207
8.83414421271229
15.161957387511052
16.160536213610527
24.0602392438565
24.357581199727743
25.618602794278274
56.82660417712634
-16.907900441614235
-8.811517344889069
-11.14060249186113
10.782190163985433
-41.40846071755601
0.7040689396538369
-8.180431589124254
-2.743292539625429
1.4955119056436947
-3.8431351971385084
-13.1694323916839
14.34263416254916
12.206442391974008
-33.68059727295508
14.270643365046995
-12.379054827789076
13.99135814837345
0.08200858309038495
28.364690216124988
17.555490383458448
-13.515561078238903
18.05664640183997
-14.631052549914699
-21.719776103907634
-5.623837366391939
22.101337577076322
9.793446169710677
-26.46229093148932
-5.3261897854348215
-20.550058744248332
-15.414658131915417
-10.603607534377971
-29.030695261463336
7.94489851316473
-0.517162163568003
-1.6654270657927552
18.30385517934974
39.947951812676195
-14.03218638308013
6.32453043634311
39.907574286745614
29.95680590726019
12.000867704142394
3.255115624302875
-6.899979789805798
-16.87099767077939
24.147131041867485
12.010492295148453
-42.94896200458879
-36.0651643811463
-28.09907632463498
-10.675642818805674
21.80456947013363
-16.712015529325043
-7.259052942250605
6.438404398245466
1.49892456991327
14.359443971086076
49.906731492929794
-12.896675989476705
-24.04668168316732
23.706726917117834
-28.723689967365747
1.9622022536006514
-19.451009838066398
-3.4453148499268598
-29.360821481122912
-14.201882491105692
-28.922560815719294
-14.586179961709005
-21.412830155260252
20.25081832353868
-15.244975699752871
-37.45302507998056
-12.045026750919162
2.258505497131608
-18.48003902362359
20.669585130486183
11.348093636073457
48.90716364752357
20.318623900412234
-1.9121575292154203
10.571036104639717
6.001510122153348
1.1062669731269352
-7.519248865131856
40.95198957137518
16.065633410124292
-8.634093453092333
-13.319314617573326
44.240677530721776
0.43100918902376817
18.95753169426928
6.375437314215304
-11.794056400778855
-4.618376113898307
5.487251868877024
15.145739864675164
19.923098473505604
-0.3116182624370363
1.0856706701097498
-21.117322588053042
26.244560680728483
-29.113042023766695
12.480595822803991
5.097712722884268
33.006563192137996
-10.50526225509796
-7.213685188440081
17.900849190743088
12.121428225370664
0.8137109256215922
-19.13493856114647
-14.40786065916015
18.416160960185604
1.4616579081201166
-4.256976882373492
-5.415483555398538
35.459409870664985
-12.6542052225237
0.8148407540782046
-4.54929671154386
4.683804762253146
2.6817720015946804
-39.958084633771705
-10.932778028905943
-6.851881748975245
9.320913269654596
-8.422357586075066
-6.6194571801208895
15.767596819183723
-11.838957552311342
2.9357244701494944
-0.29703616486691
25.69194997632212
39.632208359016204
-37.17332487356208
-11.054689688323945
1.3161958287352036
11.020976701788925
33.70451183812014
6.119885759686212
23.334733328925353
20.91840386009324
-13.078511869960806
25.79920907044729
10.617237161539661
4.9487651298417745
-2.9440639967986044
28.322606928195658
20.267190874648662
3.998511915052319
-5.073589037849075
14.313287775131016
-17.97262189343175
-3.250299392267096
1.6860832409713566
-10.162150243321406
29.72782012673983
38.72427999442726
-2.049464949681152
15.967624172392307
11.299651457041563
-19.923726320768452
-17.977497938654604
30.0928753525919
18.497625414791745
-14.15784667850096
16.816325865387967
54.440780223611
-8.589558772553659
31.373725705641082
21.42774263692425
-10.274213818714912
-26.343689611471746
19.794833497304836
10.650955146483682
-20.628028060864267
19.84356093723639
17.9762031540792
9.506440784683432
16.858745106367536
-59.30596048239471
21.22344238981009
35.30624625257332
13.7427505278182
17.65467258927407
-30.718116971614823
-15.515184805447916
0.030980895586822044
-21.12490503197364
31.751983947727982
-5.248482091923023
12.549982463309021
36.4133287143768
7.759833987030844
-5.752234243239825
14.12558874824174
24.741317783753885
27.542794843264176
42.167268687925024
0.46002921223563953
-33.565332284209205
27.379763552370463
9.353314793494917
12.721676416646348
-10.280954723587486
-0.8069081544749109
1.5316257389770844
-14.770220351504747
22.14727971083107
-4.2661319664995005
-12.913627103453791
24.68790842366013
-45.966149459232355
17.563471623098366
50.94850407490196
-13.310477928791842
5.065056937871019
-0.09205600455524632
6.582945878306077
16.707581707574292
-21.41316059634198
5.1402056210251885
37.45554880792113
34.584452823532125
-27.245223803319796
9.844731180465459
14.701111751840756
-20.80051979320268
-32.90461168930423
52.63111462544125
25.688970669046622
28.02288306865529
-18.57566620351508
13.858506495841254
3.179074144582671
3.899220885324325
-2.219855041675885
-29.563632569508908
-4.372439385049034
-4.055887818436986
-27.768847856755656
-13.365144575628307
-40.92969477338971
21.5820154549007
-19.605082907207304
15.331492940119688
-57.51536835850941
-5.606936886896648
-13.100224040323866
-9.709956867809355
-27.251970657531842
-10.39982566334615
-14.878425811782902
13.114370315382928
28.367913242044807
-28.763189132039628
-13.341141057530649
-22.909783360579326
-0.14783576722928204
-24.84861926120678
-4.569301536086583
34.48711600998533
0.22642576627635003
16.94521246530195
2.214838816456989
-17.59737747438805
-14.58582047896084
-11.651086948393072
-10.669563330506035
-13.795669461949672
11.346673611917877
-7.728294000753324
-16.079143420002737
0.9832770878198289
19.051031858474744
-39.74909777329787
-2.7150285231035127
-29.133453939723893
4.112563574106247
-3.944744704084286
15.626773267773814
2.9945830914266764
44.793185655983365
28.973267306184
-17.455174936449367
-29.678430538558477
20.439577542040666
47.00414071903219
-10.308360316757415
-14.453438873723089
-42.16182727396757
0.7590785918882827
-16.27840659522954
9.064357141682052
-10.229318405295231
-13.962093072156875
14.245065272287235
-12.60253244598499
19.155900913688157
-10.672468202582278
-8.596828275148226
-15.552770019668516
-1.5167466658382407
-23.624059718675454
18.705704185535268
16.13071318692252
-32.91267580634016
-1.509622662435163
-21.04909345797034
-15.655145413329478
-2.219658436879797
2.3388481398681606
6.610198477215306
-2.044520374922797
-26.692218847046096
-0.10514279630010037
-28.48208138523961
7.8466685782289005
5.214075044886243
-9.62900975159772
33.062506093635506
-9.634239627053233
31.368285816489102
-28.018742642548794
0.5937160066388576
-21.345780242505782
-3.8449607469240163
-23.65257764452386
15.428786892700176
11.766819066720558
-52.306961859152416
33.07941779290451
-18.49203395911351
-29.515174177322308
-14.210660485995476
-7.392396528525154
21.204823035253895
-29.35411041326634
-21.521632228151418
-9.299728770831678
3.3860182554379894
-27.707260128943744
12.982565432768414
29.5017378317427
-10.596667346441535
-1.0189651160554263
-21.651921956882546
-1.5638284845994121
14.882315604497137
-49.55549365272651
-3.6028924221812706
-0.5865677954307102
-1.166136529403019
-32.18663920107002
-15.324723192013948
30.5126518138558
-11.044008480677123
-0.23799001702153078
-15.922261290813708
-51.61139123145307
-8.260334556851461
55.466463381863804
13.875128031031295
-40.378286933680386
-20.814253127102234
11.026324682516957
-26.251705238126817
20.07240384818965
9.758546889543254
13.595128844696745
10.968443293945171
10.585587629445229
9.90825422190207
-14.45877056718942
-18.972810814526667
22.64802313002386
5.019107403692998
-5.632004880956715
41.28283592793147
-24.457610537346536
25.146121293684814
8.596676988336327
-2.3492568539826095
-16.313355549889963
-15.799020479812786
-2.6607718368908877
36.02819293053082
-12.599259117527538
-17.744274768658812
-4.254561404306202
13.137430250681632
13.57556482058365
-22.32598615396998
1.2486224049654888
20.985495642341025
-24.755662781860963
11.895303189394523
22.52748921916742
-28.66286739503991
7.339857314554735
1.2808342341119214
-0.014001015012382823
8.172751488130132
-6.112719742253546
-31.364551972780756
-8.34270347130817
46.13450983784824
25.98761012077941
0.15902957363644543
35.688905559378526
29.451184217307095
3.702517361399856
-4.320261310087062
12.25772273260418
23.666951958675984
7.578149921668313
4.646517243383784
13.033304252463779
-35.75950555723449
-32.84746433471838
-20.11734583602393
9.529372866858779
-9.101217768967757
23.573840866058333
7.371987021846933
23.359961357221124
5.5168895804448255
-31.90142394763032
-12.497582818792976
-3.747598175362043
-9.302854985286586
29.715086511348062
-6.619695414455548
-9.676705031731188
18.1872823744759
-9.959998010106005
39.51162253258224
12.443593642732765
1.7649823587358644
18.520577469280028
23.21379923676892
29.332265951424205
1.715427421914797
-39.70446760694861
34.683616249560714
32.86208565610855
-34.101969517038185
18.67876714449997
20.065104164313937
6.3316050054906725
6.314339675967573
4.640329644864778
-12.105381153802481
-43.68500795635515
-12.338950145122254
-4.961995603011957
-6.2672949700109655
-22.543864927195614
22.94001891449258
24.56290022441283
-49.938134860048784
19.00140261583988
-4.887633833469181
22.068582716704015
-23.996627070012153
45.278273070764925
17.204520715717567
8.795179592097526
29.525953888243524
-19.803263949963853
-31.018589295769175
-9.96666783977551
-9.959235067754122
-18.20313425376412
41.12565742346513
2.9258421040012763
16.99711679450354
33.24775099250087
-10.069520437630842
-18.902966096587733
-14.05589932722222
10.23775586582775
-22.217293695850397
-10.569788850779986
13.717487041443945
-8.461436408672824
7.446531260114199
-9.21540272244883
14.473651935509169
6.1282463402435505
-21.91591800445957
-0.6929667353282412
-3.3690861347272407
7.192826088229481
-15.422562285275152
-7.918179890915013
6.949499169890031
-32.21954170731564
3.1428718939400553
0.5177679353937492
6.576945864452966
-3.460903715719269
5.8401991030298745
17.54286914218051
35.854859074471534
0.46239723575928315
-16.352583110253246
-11.942241742103363
21.264499055303308
8.13532540304405
-31.76377458187721
-3.4517413021033856
17.021269988903356
32.35996111224034
19.92473769345276
28.51073137561889
16.99953007097568
-5.4592832211051805
10.4467381842162
-10.46275040466685
-34.718875426047276
-14.858107671426325
-16.225101795349104
9.01118245006353
19.092786152939595
-33.85822928987318
-44.558050377388014
-7.719415753048339
-55.70474383922462
-21.20589617640786
-9.692535976475028
36.65594663677231
25.120636080088047
-15.410235796290294
-3.125492647204311
10.196567678059154
-40.25994733057402
8.041659428594272
46.30004653737382
-29.517998031992985
17.073955021261067
19.974640118860663
-1.3268413690040861
18.287365166974293
10.021656207670475
8.262477688854887
10.013214228302814
20.22143749251643
12.633629950938088
-9.52742960896626
6.658160075096077
-23.396064055123077
-26.826793535358604
-14.451235616103503
14.629559039126207
-4.16397475493298
34.76891364757847
-35.79563922196608
-5.202255011771597
10.742731205363867
-24.048626375991375
8.271405260593696
3.650009196611933
-26.364991948968083
4.814285019296933
-9.175037965918534
-5.661089637427068
-16.18607513544663
-12.322012437657492
-5.7636734782902295
-5.930377294795335
18.238732606849084
8.995453812032594
-7.518441858875692
29.799322835676918
54.07374777340137
-16.49720502542681
-24.71615982368249
-25.569103980000563
-22.52293192373932
-6.039153407049525
-4.223443248016878
8.05356756651136
-8.749410997164603
-20.79183012569348
4.668073069606464
-27.410055439489184
35.49148007894803
-15.188106955969516
-22.534714161457174
23.25797377959975
5.372577863317304
6.383335473191097
-36.648646906943554
9.870881683825303
-18.942223283910607
13.381620858088894
40.783373128803106
-36.96027645317213
15.105879730350097
-9.099340988791766
-14.12181944851261
-7.400952489511127
35.44606668338287
6.892914974173437
-41.48222412205283
0.6844233313304362
15.055887377112555
27.847203579273724
-21.127908791046906
-5.602209968100738
-1.0499397591974575
-6.14530206865939
-29.010467615276557
-0.548363052909906
-2.5731431306316495
20.388991197491492
9.82018188598707
-23.186907974292865
-8.180697616851601
-1.2505155636316658
-30.337888281775754
8.753983542189815
8.625457092554996
10.726635887359492
-7.58061734022553
14.052802508292956
-25.80750848548405
-38.112586602323944
16.05664634602809
-5.281549554170596
-33.517417174813964
-7.700690489498101
-24.756387060635177
-2.048063562528228
-21.930786871392996
-43.798959443530634
3.827592671925487
-18.666940486824558
-0.7500740545457064
10.505552445218513
-0.056057700649290616
-8.956797047830207
-8.931818513768036
44.276794433858356
-22.87603372903354
-0.4873849703113251
-18.216890843332294
60.363528565823266
-7.600679022242446
5.923372215476661
51.339696469862105
19.838344823597254
33.28774949546741
-42.760638058949866
33.64862095755904
-15.349253526627734
10.938953187101957
0.6607254695413758
-1.8998118915633881
10.23921769858495
26.00384906102164
11.058250095069695
-9.101132425751643
-44.693685323080615
-29.47735689768649
12.390693345391156
-25.12591542248387
-24.3569586497386
36.96019443378128
-3.231992260904917
-19.77651936977756
-28.609117562132923
12.71464806386666
-18.731227079928747
-30.13847863250598
-11.821010216162762
52.65741225656143
-2.3874161645920537
32.14971103051147
0.4091670420547473
-8.292891167827548
-3.4069354666677034
-48.080756300874896
21.340195393667983
11.2534257172168
-17.53126517945535
-21.445799772377512
45.137542784343935
-15.471231856198358
9.565506696675214
-21.120302350285357
12.806311341068039
21.355562930272697
-17.309094234768764
8.946870691108984
-0.22375238870796443
-48.76593384338034
5.156149037484027
-8.892350724833051
-10.84850861773046
1.1655454118099158
44.42699643205563
-16.364164255049616
18.456584909060098
24.05045761963521
-10.553993394418798
-6.296518123425756
-5.500334662267107
-28.03321495392683
19.587062980688813
-31.412051749135912
8.014309030632345
0.011214582476099855
-26.619967212065944
-8.834749103038718
76.58286798595702
-6.28462456248485
25.629660177071568
13.876275349020831
-26.701339059737194
29.273016837028365
-50.60432831586988
-15.951087977052996
37.765680185950345
7.999343947381135
-22.041259862932947
-39.14429315993024
16.511928122084072
-5.983844171083405
0.38415123853701605
23.120087029926513
-13.678170675988042
1.3073091308384903
-6.484374132338017
25.594228929490242
-17.603893551936977
16.784227382396722
5.925912685871282
-11.633726560700012
-31.540466479928227
21.65842582553401
7.103727600972604
-1.8129232486465985
7.968393979993579
6.47267625856557
-15.131121436653077
-3.9821554092197866
-11.736072666259673
-2.281424929524121
12.838909090401952
20.2919810259371
-38.453310174955305
42.791116586926336
27.722090287253224
-9.24161339036317
37.36415133512813
-1.8154767504728115
-44.23897780978587
18.311929086541426
5.743275729914218
31.549677872546372
-18.635534662344043
-0.37298967443416675
-7.885922980815138
8.426047349885664
16.555018714516564
17.55533863938558
-17.025661728240124
33.64906342465929
5.401088005317832
-7.074546530090828
8.439172595885879
2.9049010079975517
0.4238080475904269
5.226883118101654
29.673593421537646
10.673484195261153
-1.5622997166640573
-1.8389428860135126
9.04820111899008
8.206685985380716
36.88872291202338
-53.27902634417584
-1.7010034500040376
-1.7337567126511715
-51.34301997713027
15.22290175781208
-20.19604242925567
-5.735237440030288
16.058256411973076
58.49805239900212
-16.28170626105191
-35.63735218173824
-22.589651038498005
6.435885184969778
3.6929473460801034
-33.412956734533566
26.350485512718876
-15.872574934112178
2.0414336710837797
-17.746329102681983
-12.467267537641419
26.355185936043938
18.563105346113502
-3.5243068474579218
-14.845064012980114
-21.68336469205377
-23.708849435502145
0.790177281974934
-8.15671615002637
-25.051443400257597
-15.74663766419377
3.542965369246616
9.965511190034988
21.86365559284539
-18.77384013223613
12.005392952606513
6.669326178143394
15.639118096493576
38.77557578186941
-13.6532183743916
-16.58681820583965
-15.804181295878806
18.60298288249649
1.4600131399577947
27.492229179318258
12.487106472986028
-8.036295078592929
8.94101823157311
-31.946653919039967
10.502605790811318
-25.459315722661614
-7.9835140403739056
-3.171423972109096
1.9852523057490714
-0.44446686186341733
-14.360452175727971
9.459218757934309
19.728149857532088
-18.38957833654422
12.575584083371439
-28.048301356146116
-13.141188362647627
3.110229657927988
15.45314893988268
-3.961341969959392
12.298921854459422
-10.655818645366935
20.801482613321838
-19.161760265156715
15.682597611054465
-2.0561617896676987
10.419832225257807
-19.099660754583624
30.838177286254904
-1.5195029335102674
-41.63491152489402
10.623725710227433
14.969876490204884
-35.90310457688719
-18.985006928426884
29.6273220568915
16.161298202967515
-4.171792096300719
8.13703758987495
1.8869399395255475
53.656167816870095
-24.545425204065367
4.052414190733316
12.524167236528397
-2.465621474161395
-10.05000544309118
-5.5644476908225045
-21.34049970328732
30.346284029444746
-2.2806978597175203
-5.217124100689944
20.939051708291373
0.7541710032748199
11.273547407181098
25.932661884209523
-29.890329347145844
25.129718402465013
-7.826067210815495
14.126511157006632
4.418720138541545
43.80948721997922
-5.4211438546902
-1.7682620975112682
18.57838211452247
23.173956830109944
18.918857890047832
-26.32376185881199
-25.143643186811484
-29.887199977492067
-8.011555581621394
3.5325027189288676
-1.1052470216066583
-17.229760548436502
18.043176579738457
-32.99514424358344
-18.86966739028517
15.682061060889112
-21.809897212728714
9.387951020202564
-6.9755430870951045
38.53261514412418
14.138475016027286
-7.1145447310044005
10.05305686362044
26.329025052274233
3.710461559696425
-5.6266627104633935
53.931842517688466
-1.7395641744587351
-28.095957340442396
-28.937593274167853
20.046875312261108
-6.7328504389798525
17.40935211727401
3.5643045614754096
-6.494479234463512
58.99798578053935
-19.822991211377797
20.348281635485677
-6.717241862415534
-4.315683740021342
24.674000075554634
-19.662020851011135
6.065183064399206
-20.483921167435454
-34.61663643031423
-24.035964121486387
-3.7492708898530793
-40.36750897747413
-33.28670718595495
-17.502548191554155
-26.18016516499768
30.848075745236912
20.73536025995034
-8.892373784760622
-7.381781741785886
9.129575311779492
-8.424620042361227
13.257766453059475
-18.872368914386158
-11.621718851572638
40.997740519207554
-38.262203546904175
-2.14825550799182
-32.91584123467612
-8.414158334142002
16.037910013475425
10.005527767530964
-4.927274702063471
-26.889918308267056
32.59682694958792
37.180986549866276
-20.75735989402537
10.5308860490629
-17.06655697959451
5.77813790266643
2.927872813641414
-13.219311860984533
-3.446742520284688
-33.10068858909662
-33.84176514116635
8.466592666366438
-6.8130076840783715
13.504970124068848
-3.5070865198210868
52.470089608905084
3.133820352173842
23.782695899851234
-12.570548172865841
-22.79776756523458
-7.187030660709894
5.3251301657720935
1.6833086462295634
-0.17311719475858922
-6.708083591424526
-19.012876062277712
19.43354212871722
16.569518382797664
10.014877316102684
18.79082158730364
18.71177650841284
-6.121231793931288
-61.98502525482493
15.864318322787343
-36.79068241125711
-14.102723821239012
-8.281239275918608
-19.811261606651897
-20.93907963262717
13.813256443243347
12.280273841886613
-7.8619334460726975
14.388275475719238
-8.99441866505407
13.916832783700528
19.56358334500348
-19.430138252351323
-1.6067071109933688
-12.237904635124837
-8.345583278201701
-21.77355192345817
-14.152512181215343
-12.346330054631409
24.168050961430453
5.171392737860401
-9.485046238702523
16.82526431663709
5.696455792853697
14.413455908020069
31.650885862540434
-2.163067062572736
1.0774413003225052
17.947530657542558
1.154765092271276
17.038745400566512
6.7242642962037555
26.563428402508976
-10.897090757539644
-6.969563032689024
-36.46152514649043
-5.93162571340318
-45.911133874633435
10.064103761343743
-29.061604555549565
1.9409965431819955
2.941268142385667
-15.315296388331546
-11.58545879877269
15.533072314940991
7.473127944848843
31.87098805747092
-19.25496109090156
31.754178014134766
-30.540950194737007
-14.077648225388911
11.067430502572478
12.158132999488657
9.757641207337059
-41.625676641057964
19.680251141549746
15.320361840941276
-25.593277663509696
-25.671454454853233
40.94553022262647
-12.153692469626634
-24.822652549297857
-51.576608114234375
-63.792763304860834
2.5111891037877
-21.158587082468443
17.314364300953002
2.950815899207555
-21.27817894764391
2.0532046908946597
-12.849542842584867
17.874329283234943
1.7573151960442317
41.03773002896341
-2.585770180151741
51.21925347058951
-20.594364876988806
-10.22318189489846
-14.246509499594906
-6.56443419603761
14.957490610206689
1.5218961405727776
4.476417447337582
7.255593565550469
-0.6021479621962551
-8.782251480426055
-17.202583460814594
13.320389442052914
30.729125082050107
16.796795925180533
12.830107069468314
-28.7309377296327
-11.501848433928275
8.39740546724866
-14.460415631162364
8.762947507247617
7.925178113181516
-17.8210942245687
-6.291515985062346
-2.347603803065283
1.0587620406173248
25.60522873656862
-5.086195434778233
8.270296057891215
-18.781703699043533
0.21653760647555487
-20.93946365450458
-5.977250913515604
14.193180817795593
-12.44819634974911
15.441244659344195
-20.007938663436732
25.227483241185553
10.155945634685823
23.530398117426984
-0.4110191392315983
10.936965140173442
23.902608054557646
-13.784747941355079
-20.212654269675994
15.334558541253301
21.516061524985812
11.681168612116634
18.846846726303394
9.324166289612606
63.96424428993575
-10.574128327972034
-4.664158991818169
-43.991942044873646
-42.45513659331532
-24.69166414323772
2.841238185170596
34.84295466912798
-11.528464769876479
31.300935846522233
-29.319865527863666
35.05290598596151
-24.418713458427703
29.189469849709297
-9.5743832738234
38.38709488336849
0.39140162043531745
-28.27278457215516
15.830994244319498
-46.428786798402825
-2.6982153661774646
-4.4564182136826105
-9.922804035163267
15.354694987257515
-6.630380424273112
-4.970743021981804
-26.550574720321205
-19.901233244553396
-24.824812822324134
4.514229905868035
-35.111885975925844
-1.658756855358547
-12.145251940819378
2.360777305860495
-32.571575963143005
38.14772957309728
-20.250907978418752
-24.66788634684121
-39.32649396134346
-13.049948263952984
-27.763159046376387
27.369201825089707
-22.50590071034415
-16.755388042833033
2.896966737956688
1.2135223698221864
22.306705261343893
13.040551774077812
23.10930890624647
-22.442933897409546
10.494472240795005
-19.60840790775239
-11.056387837145365
-0.30399379722484793
-40.17926692441557
-8.126673297259767
-9.085391479804485
-22.993670870759644
-20.122396188539
-14.06848139988577
6.952750465201774
-14.295672680660914
-35.821814113090774
-2.7402142293819898
-15.183074532908993
1.6210289696770417
18.219346531196635
6.461594423228604
-10.89041285497649
15.448183251519879
10.241289305928603
7.910477537925657
-10.053124281104402
-25.54397498249853
-2.9828409153386417
18.397750736445005
-16.41925829632478
3.5069999609754348
16.051428099991625
14.920881228000951
-27.010626158260663
47.68566213297257
-67.82965353741463
3.114743925338331
36.465461787559775
-20.09407181228121
-7.989466222577931
-7.728797534108479
0.5803389071782021
9.10465060005862
23.484589321529253
16.48032555984142
-20.45997896701809
-30.38361748161245
-4.388681560682528
4.169035055936404
-16.69015164161536
-23.939343780448894
-5.729953041420714
33.31485873162968
10.650605436878577
3.305952603431592
-4.564511923981399
-17.381764264214752
-13.323127184241173
23.9779486439119
-13.704063462855743
12.95751653143904
12.281011204825603
-31.642854555390702
-15.574974526858258
-7.683767698778723
-9.167937266287964
19.17188076018587
-11.532840929560932
35.582461730696544
-3.2699655808123684
53.10327771187077
-14.66209899983943
-66.19150835374668
-11.393083804536218
11.821188497608148
-37.78369651970581
-9.040768569549442
2.002719310266855
-18.031661260573344
-50.55726993643735
16.274253558130823
-13.639454362316684
-39.90056776464246
-20.39758143032157
57.79234949616793
12.148983770173087
-6.631956042699841
27.988696953284744
-48.460887559096854
-0.7948109441831265
-11.045698333560495
-24.727597565012275
-27.004612390842713
21.301104327987016
1.0282299789959952
7.78813317883197
-23.47477090467268
-14.691718014890085
-17.789380276764376
-0.7610667949907679
39.6186894122595
-26.45817695956356
-15.030445325351623
1.2100842105772363
-28.768024517574133
27.978657052359722
61.29580511153722
-2.254825661510722
-3.3756288270240313
-17.645644860150128
-3.27596412491269
1.9205346703408281
25.590290675305962
-12.658703260401978
5.635876617786522
22.72524343927543
42.06151067457344
11.974000041468969
-1.703880130101851
-23.325086591395262
5.359804138269425
6.79293255949446
6.457660482220406
-23.976908690909426
-24.349840671441772
-14.37123177711479
-0.6491667516874315
0.8970970978647872
-31.58884494656496
-16.325370264039037
-6.063976661023305
10.62070066193894
-15.492013465937392
10.34608398534786
-34.18971637353778
-38.08748658328642
-49.726946978605895
12.618622800614958
25.137919379139106
-8.693706334954328
-10.249872668776902
13.19010393762133
3.239279521300005
39.98005847960684
38.40010610472936
-18.474415029854043
2.3028651560263143
-1.718325175257121
-20.332123943091602
-27.783449623246238
31.804183458859935
-4.275448586782858
-10.405119233005223
-0.5463717502493637
15.306042447738774
-8.005412657744216
23.6684558151712
-44.503253896642974
13.877330980152122
22.075606928324532
7.612564403377036
22.044157920498947
17.478632648950082
-14.617827940918458
-24.7317806088185
43.80108320449631
-5.9548733019103395
10.801218320203503
-1.8627507323799364
13.109727411050557
45.4156741263356
30.170949758544705
-29.332293823836153
-7.482350046663809
-5.6077884367337845
13.53332699356119
-17.92389671414901
1.3358911892727008
16.828678609016944
-10.426879461158904
-11.757229398870662
-11.011544863000324
18.528611408174694
-2.1078243655008184
-11.84286895015248
8.201349713215903
1.6789122689841063
4.2841286094530915
22.670900405785204
-28.280511160339046
-1.7459932627992314
8.92099074821516
-14.90807140171745
4.199128470474136
3.7277314295909894
23.876929078502968
-21.116479000208244
-12.382031935699956
-25.961770435949575
26.569136686492982
-3.175713656462704
-18.74593567118578
28.264234524647232
31.116398353610407
17.212219478256173
18.97313852127448
47.935522483268954
9.225851355626046
14.555379173682269
-5.541738487769692
19.77967331542507
-6.120031561823765
-5.204906307402524
-20.04037592013964
-25.466234446976244
6.242806612897027
14.504067989204003
-5.038489160913088
4.6201995570274335
59.5597053033056
0.18133820661103073
9.498010130909961
13.83768080950901
7.332236298788985
-7.564374972323436
9.63895772002198
3.3915412056259697
0.11247222859856221
-29.117131190790815
-70.77130551373463
6.188803604016755
22.268714007175102
23.58314439941554
-5.763177474490675
-26.46063198785177
16.382177873627853
30.341784900455593
-13.507523681261176
-7.8441019153291345
-22.79153419997735
5.888031030320662
-0.2575868313253977
-18.47069111271108
-15.405040400861225
16.080221117100564
-13.08394675549016
25.428478864851538
14.671974105227633
-4.290897605528471
-37.94005718965865
24.784963053473433
7.649448454061087
-5.175600964427559
0.03128144890234763
2.164885632934471
-20.388389549655614
-21.899835796767118
6.37510166126944
20.195594951550415
-27.79413015023789
-4.899369220952366
18.79310676503016
-5.721873603453673
17.344413350797993
1.3385374697385828
-10.270976635879265
27.68469390010114
3.374147861976809
-5.771489852230161
2.095841290575038
18.930345535592892
-24.669727710661984
-6.640190683990936
30.21574705056443
21.445913131312267
15.59920014882755
2.6726050711349676
-47.57176562976099
-10.374718626446567
-7.594520012436789
42.01176340376145
11.159759113654559
6.447514068843531
25.4895884710335
-23.321477600338085
-0.41088686618368797
-19.471790219250664
-12.775955301633756
10.8433111469692
44.51810086566971
-28.521656844121594
-2.99000776553055
18.510949535917064
10.052827754123285
25.10581590563646
8.184057827232266
17.053318857707865
10.292155689288876
-13.919903674641233
48.46904860732727
-10.295655583813726
32.01181013098821
2.3409185509286203
28.05591742192226
16.881619054032427
-22.37938976051416
-18.723149434089493
20.09377487070131
15.499724197897537
-5.6663874250501465
-4.515440413349438
0.7376313491634219
0.09152760910214397
3.1243521192517965
-13.44769270067323
5.638289479332799
-6.324317073137337
32.78940330759653
-6.279463167303504
-6.101210809622216
27.19520411584253
-23.811049320968007
10.235111889512666
30.94212416035077
10.152372349085852
26.468370141554146
4.6336885666282805
-4.632404622716764
23.36287236313393
-11.264884442198479
4.87886361695908
3.070884350761162
-16.187950593532292
7.140628599729324
-4.006909471033708
-9.504789658915227
-12.044656076106719
-17.5076828537417
16.242649378271494
8.016519064030177
17.26766112849492
-7.255333033695564
-10.960082174043265
-10.515614605214521
2.1081195744943386
39.25474839713959
7.437943899592226
-29.43733257288099
-24.606297666026506
-29.11015720859905
1.5585852573930197
-23.305406539345203
11.875776488830212
-11.484384929395699
-3.2496512561920103
-17.527844346581446
-27.125301477517525
-18.98422240236178
-30.404592711110613
35.56682549243246
-4.349328541019162
41.13244039347089
24.938145819291293
-4.317982857097007
-5.103513848927804
10.175479504750655
-38.990163968527895
21.602206021487717
-20.166925579924282
2.3240947808730823
13.86908250003495
-4.756980462738512
22.27457989233585
-7.553699171896681
19.264750192942728
-11.595722022223015
-19.55972425400674
44.565842061241625
-4.093862321354976
-12.72994468152254
-11.352152226403405
12.007428658205894
-24.415050552877407
-12.751696603031917
-24.733819531769793
-8.31499426729289
-21.613237264342988
5.633742599611395
-15.281992068533695
23.544912678113064
17.526715010436675
27.26126157939569
23.77670252473436
-8.352016217091972
-7.263428638777953
12.053412173002386
-7.6335535243526635
-8.405380700408983
9.440155615800562
23.25698167675924
16.318725149035032
13.499244586550873
-6.776567392470469
-28.597128760731863
-51.91081616449864
20.375616748004887
-17.70448376741854
40.76958639101148
-20.945827143529243
-3.9181255819931673
14.140672983564144
15.324514585463533
3.947878324163156
-9.052176067398051
-10.943333205239725
0.9150926424693466
42.66059678583474
-28.161387656498675
28.35812769471687
9.14262431931377
20.95319705223514
-15.700873748401337
-14.47968541536298
-55.72423509198054
2.4351492090186464
7.536989631722463
-22.61137994857404
46.45766876895797
-18.657696192285897
22.760436332090563
3.084953142855539
4.554486893857102
-1.4603867889581181
6.581334845303559
-9.167523247433877
-7.03275471893369
-2.1876265359581453
28.603099034005197
13.23186666550697
-4.049795486144915
3.9723201644621042
-24.59218725486525
21.48617986516976
-38.915988193799734
-31.204679515593146
-13.174001276918943
15.265532588349881
22.53950068888497
10.621101039697095
-10.76441750007777
-2.016575263786109
8.419928753529774
-14.089926834831688
-18.045522923053255
-17.55488609979534
-26.638138011457247
-10.589183857043281
30.664453299944338
-20.11979397853796
-33.41607638599521
-15.268374742255302
-11.381875566373337
43.46097178769253
36.26894909683918
-22.626363332550987
-0.9353161184996568
-27.780804708905293
-21.056417695275456
8.092079810708725
-27.642254020915857
-4.613024008931205
10.546556603758205
-17.80511805995053
-17.214990896301348
6.03305102931762
38.40145571929801
18.86589720607654
-30.50306029512271
4.770996103864007
1.7736426342656268
-31.91213514571399
14.820555572163983
-21.7804766647524
2.148287442333128
-16.58198833409793
-2.2226481235275344
-62.26219555978281
-10.433750989451227
33.33306000690399
14.004383252665718
-1.2049690615540665
-35.11865414907342
-7.146502847081905
-0.2893011116164528
-2.507334996729071
-13.909168034752412
20.322855724834312
-58.6896151622244
9.116058952171244
26.50266253056145
-26.757803601395437
-5.259408989565799
1.1345391588718599
-14.474604559616324
26.1420252848865
-15.85353451241315
25.7862234354304
7.934786350053258
-13.68710932404258
4.095963512522189
-57.57659242305934
10.77425352012881
15.621795106352295
-10.300160295344085
18.00504873823803
-15.521729813225107
-20.310005614516626
1.4146675810617924
75.96873465208154
34.42453867402003
17.737539775166795
21.005491397692623
-10.749400332476569
-2.9894194925264226
-1.1846886787179471
25.078220535306457
7.217982924917692
-9.752146134401897
21.545102873148807
8.44337920884766
-9.094556156451944
30.27394539419504
-32.10921989117091
-24.198784524364356
-23.007073011606224
-1.5621301544015864
-27.05055621202294
36.92456838277553
-1.6086723021634268
-29.56526413431368
-6.6244602640397545
11.280056550646322
-10.348220690517879
-26.300038955200932
1.159546885175502
44.56133644796799
39.882254029492515
10.589698194812456
18.957116316775398
-12.962424562961587
-25.289081026224295
10.61631948898875
-0.7307512984679647
-0.4195105999943678
31.549677143566388
17.06960051136207
13.257928700287835
28.982459782269583
8.811311585961477
31.14222978882623
-54.13356120828837
-21.29888687116764
-26.670600858472934
-35.921569843572684
0.318728201520571
-4.535653231845316
14.472554430096892
-50.874216420381515
22.85087655515926
-6.706835310926522
-11.284230739694976
-13.053047939118132
-1.5833411334580205
-14.567703382517493
22.72167428804198
22.849414907836348
-6.3280085754855975
-5.232493810162054
21.31785146184373
-35.03656390940702
18.214270820556806
-3.0293910230751635
-0.37266675717509656
-15.745298764310917
-22.01230378595116
-8.063435906418702
3.1681598773550954
6.725108518592406
-24.74948105525894
-37.644472994818756
-17.06343628455744
30.941697763356814
16.899526907412962
-26.816220003759785
24.276852412583818
-18.538402818969786
-8.494074777372504
-4.75472709460351
-17.100039617222535
0.6410593592059683
-7.478195234511843
25.880212128022748
5.342439425018199
-0.15679936119389026
-29.387879497237577
-5.996868543356896
-6.558720185218732
-0.7414712342042544
4.231704581808515
-18.855680959340276
28.19963681201861
4.336625279104055
-26.080907278771438
-11.873698633322903
1.1715194847584487
-38.984743993428395
-13.408240195634281
-10.749234452705167
15.640092554257933
-24.272995399653126
-12.90454581608708
5.766039580444925
-15.384769163225027
-4.958742497280554
2.9052562300569202
-1.517680547983332
24.964429687588478
-28.153681416672015
21.745667289251912
9.332141589209073
27.03855506798874
26.967536054236433
-0.835231617646059
-16.013886997057686
13.088642575414127
12.879862043290615
-10.68478946459615
-0.3118610523276857
34.826365326196886
3.5502414994078313
34.027037156011346
9.301172835600681
25.580192243745447
-7.03737532373566
2.3234678672440343
-13.73762835381578
-0.5590373847060732
-5.977681385533515
-9.042970771502212
32.30679465412163
30.788045213392795
15.400822400376313
-0.5531488831210822
-9.118975469554272
-16.205220843154308
-0.5857616326072728
14.802195875840766
0.24207292132987843
-26.79674167120939
-27.1154162345465
-6.141040419039741
-66.6938004629854
18.46915408948925
-2.7733813117762613
-21.850644575816172
3.3038736193614113
36.808468445296626
20.04354265994391
15.780446999732392
9.351758504623943
7.145353670226626
24.074894676345682
1.125623893926729
-34.05526570836116
-0.6361718265596039
24.50690002207898
6.866537883443016
8.810921703601622
18.473200618995975
43.51803335344326
19.66541926939908
7.4685155453259435
2.6647223097277504
-16.332651413128104
4.029386453775942
-7.783456852274895
-5.305066414546303
-8.299548686619858
-8.872667187400026
40.98833189948925
8.937948645191653
0.7046567296042954
20.18283557697731
-7.159776143365747
1.4959544665952647
8.430240243658176
-9.448467637885045
-24.903733842778703
13.646262861607596
21.363402624057528
1.1965019351041524
18.982039919159092
9.482271699474776
27.655552268564122
26.396630197065747
-3.477348811647346
40.923253746015234
4.439659904013297
-13.871738813279961
20.68808691928399
-56.660550601372535
-1.4708141465362703
-22.930562042822487
14.501288882935341
21.42494870810566
1.4179470936856546
-6.489767470067535
-18.71098144071172
-16.182068090129064
-15.905651298291987
40.19860555126078
-3.8428595324535313
-1.9483110116624687
-9.989041113205047
24.652666471608086
-4.878335319684567
-0.5742214672802675
22.96594782228445
-14.702714034975058
30.364761845081006
13.53472474898382
-13.181679153132732
-17.149506679257257
29.39743701221155
-17.99518346188953
-3.2304562170840825
-18.6286534218998
-2.199822077559559
24.248234832460128
8.592545775154775
30.49346598905603
13.548250138356565
-9.917776263614513
-6.533995157534889
-6.742796925367827
22.184096137468487
-2.8424154472716623
